1 0 0 0
2 -0.570225 0.635913 -0.00100104
3 0.159259 -0.366372 0.000316196
4 0.0710779 0.0441352 3.11389e-05
5 -0.25908 0.723095 -0.000639072
6 0.629124 0.430813 0.000585007
7 0.188825 0.0018943 -0.000263229
8 0.0255645 -0.746623 -0.000321187
9 0.0437185 -0.372847 -0.000244503
10 -0.324767 0.054373 -0.000383607
11 -0.347921 0.739198 -0.000693781
12 -0.306276 0.524568 -0.000587331
13 -0.369588 -0.454838 -0.00182157
14 -0.367962 0.644695 -0.00189323
15 -0.299082 0.610994 -0.00144142
16 -0.191472 0.511038 -0.00104455
17 -0.6296 -0.187011 -0.00221538
18 -0.590106 0.0159996 -0.00193627
19 -0.446303 0.0571685 -0.00163577
20 -0.449183 -0.328965 -0.00157155
21 -0.533892 0.871859 -0.00101112
22 -0.503446 0.410712 -0.000989442
23 -0.682744 -0.35487 -0.00126087
24 -0.698718 -0.507476 -0.00125183
25 -0.56731 -0.556207 -0.000934182
26 -0.487872 0.453159 -0.000992017
27 -0.920751 0.997578 -0.00180657
28 -0.799965 0.464033 -0.00160051
29 -0.866548 0.186647 -0.0016204
30 -0.748905 0.339608 -0.00141887
31 -0.578344 0.874141 -0.00112273
32 -0.676466 -0.0570291 -0.00113021
33 -0.608983 -0.0232709 -0.000994197
34 -0.454654 0.494463 -0.000746624
35 -0.282115 0.48249 -0.000521958
36 -0.434618 -0.50344 -0.000532167
37 -0.39174 -0.565714 -0.00048109
38 -0.43698 -0.653554 -0.000583456
39 -0.0173864 -0.229847 8.93142e-05
40 -0.178925 -1.01055 -5.73327e-05
41 -0.213396 -0.74726 -9.34768e-05
42 -0.157196 -0.605632 -5.14789e-05
43 0.0441228 0.365784 0.000174854
44 0.106006 0.214041 0.000204537
45 -0.0116641 -0.174097 4.39007e-06
46 -0.0108979 0.309241 -9.00062e-06
47 -0.0217663 0.153273 -1.31527e-05
48 0.0196546 0.115526 3.06108e-05
49 -0.201146 -0.85104 -0.000434279
50 0.0010904 0.848599 0.000546451
51 0.0721615 0.205488 0.000646171
52 0.102215 0.185682 0.0007176
53 0.0115929 0.0140172 0.000575525
54 -0.0865557 -0.66739 0.000296993
55 0.164939 0.885047 0.000578944
56 -0.0110078 -0.014713 0.000542893
57 0.0552391 -0.0334494 0.000617539
58 0.0461333 -0.352041 0.000608101
59 0.0146857 -0.336339 0.000498359
60 0.0730674 -0.263345 0.000528588
61 0.0269902 -0.0901182 0.000464309
62 -0.00680223 -0.206207 0.000322127
63 0.177615 0.784664 0.000599282
64 0.111576 0.106482 0.000709693
65 0.0489744 0.953656 0.000442382
66 0.0332479 0.629969 0.000405144
67 0.0428249 0.836975 0.000250006
68 0.0442482 -0.197801 0.000529688
69 0.0344671 -0.20028 0.000523646
70 -0.154013 -0.0565001 -1.00315e-05
71 -0.175186 0.243026 -2.31914e-05
72 -0.102672 -0.249248 -7.76059e-05
73 -0.0920063 -0.161008 -0.000147763
74 -0.145186 -0.259708 -1.2569e-05
75 -0.0479855 0.455875 0.000251301
76 0.177579 0.492791 0.000737594
77 0.269094 0.542078 0.000803726
78 0.231356 0.297026 0.000707448
79 0.287211 0.375901 0.000647199
80 0.284301 -0.0317906 0.000840896
81 0.226287 -0.134844 0.000738428
82 0.248846 0.642766 0.000779976
83 0.163782 1.39708 0.000404782
84 0.145842 0.111444 0.000326898
85 0.0662207 0.129984 0.00023321
86 0.0655773 0.31935 0.000174252
87 0.409698 1.58583 -0.000387798
88 0.416916 0.358476 -0.000203648
89 0.288323 -0.0925537 -0.000257805
90 0.364798 0.649256 -0.000166684
91 0.39506 0.781586 -0.000137491
92 0.14021 0.0241916 -0.000440265
93 1.39555 -0.384068 0.0029243
94 1.26326 0.0333734 0.0028034
95 1.18109 0.00802413 0.00262396
96 1.09004 -0.0888786 0.00236335
97 0.924732 -0.477209 0.00222269
98 0.787854 -0.103439 0.00178788
99 0.735763 0.56334 0.00180027
100 0.599778 -0.00296255 0.00146039
101 0.549962 -0.0583628 0.00117367
102 0.541683 0.0431664 0.00114539
103 0.397381 0.289334 0.000804257
104 0.395344 -0.201717 0.000820718
105 0.38061 0.00696331 0.00070097
106 0.509825 -0.100397 0.00074034
107 0.394229 -0.101004 0.000528584
108 0.356587 -0.421734 0.000400547
109 0.637439 0.774155 0.000608332
110 0.575852 0.842992 0.000464505
111 0.470289 0.00484875 0.000342433
112 0.400717 -0.446318 0.000442484
113 0.344602 -0.207997 0.000291137
114 0.479123 0.329265 0.000402173
115 0.469285 0.929313 0.000244715
116 0.343917 0.812414 4.55664e-05
117 0.223837 0.803048 3.12871e-06
118 0.16415 0.578723 -7.31943e-05
119 0.533025 0.419803 0.000364846
120 0.434637 0.14642 0.000278379
121 0.619647 0.392454 0.000466614
122 0.457849 0.342445 0.000304664
123 0.388107 0.405089 0.000277486
124 0.454316 0.0182534 0.000353924
125 0.661018 -0.144863 0.000559386
126 0.555773 0.0139482 0.00042019
127 0.92478 -0.0525912 0.00084358
128 0.823177 -0.0110134 0.000799679
129 0.642926 -0.0989496 0.000475986
130 0.954534 -0.245448 0.000901394
131 1.43589 -0.315958 0.00126073
132 1.79409 -0.677551 0.00133944
133 2.01805 -0.412006 0.00128454
134 1.88856 -0.651448 0.00124171
135 2.28371 0.111578 0.00139462
136 2.10119 -0.34866 0.00133716
137 1.89805 -0.308734 0.00119997
138 1.55429 -0.300231 0.0010046
139 1.33913 -0.322675 0.00092809
140 1.38951 0.269654 0.000887884
141 1.41903 0.238348 0.000976608
142 1.32142 0.6367 0.000666502
143 1.24882 0.512566 0.000659545
144 0.891334 -0.66089 0.000538225
145 0.92569 -0.309745 0.000612851
146 0.897947 0.0203831 0.000457551
147 1.17006 0.116355 0.000956967
148 1.20115 -0.135155 0.00100123
149 1.05746 -0.16678 0.000809263
