1 -0.25361 -0.608048 0.000354425
2 -0.775363 0.642851 -0.00116205
3 0.103079 -0.80651 0.000506225
4 0.103079 -0.80651 0.000506225
5 -0.939661 0.34081 -0.00113055
6 0.435808 0.613125 0.000936363
7 0.168968 0.816166 0.00012633
8 0.0540358 -0.4092 1.98409e-05
9 0.438187 -0.566415 0.00028294
10 0.0835767 -0.76109 0.000459038
11 0.0255049 0.267864 0.000226233
12 0.126189 0.867417 0.00155525
13 0.0484709 -1.19943 0.000312804
14 -0.0265623 -0.0361077 -0.000249908
15 -0.00512968 0.126084 -3.89361e-05
16 0.53101 0.695237 0.00147888
17 0.0327753 -0.207068 -1.85328e-05
18 -0.070108 -0.0131957 -6.13527e-05
19 0.0876424 0.259841 9.68665e-05
20 0.168248 -1.24891 -0.000398118
21 0.0771719 0.520099 0.0001761
22 0.286306 0.843326 0.00046198
23 0.104504 0.217087 0.000141035
24 -0.0461395 -0.0321673 -0.000145584
25 0.0621879 -1.15343 0.000336062
26 0.558907 -0.611677 0.00106441
27 0.0115999 0.500005 4.18779e-05
28 0.18011 0.215737 0.000235044
29 -0.025624 -0.270008 -2.67416e-05
30 -0.0669959 -0.527762 -0.000123556
31 0.189376 0.92433 0.000156623
32 0.000164442 -0.107749 -2.43619e-05
33 -0.107291 -0.572014 -0.000166166
34 -0.105749 0.0918418 -0.000142786
35 0.213355 1.07499 8.54584e-05
36 0.0168484 0.157279 2.61098e-05
37 0.0514039 0.139182 9.16073e-05
38 -0.39124 -0.272597 -0.000663287
39 0.193008 0.891445 0.000159683
40 0.0545984 -0.188804 3.94046e-05
41 -0.0640372 -0.194488 -6.92812e-05
42 -0.215357 -0.997905 -0.000253947
43 -0.0600578 0.169207 -3.00733e-05
44 0.119551 0.343644 0.000201638
45 0.00229779 -0.504296 1.5456e-05
46 0.0118411 0.153701 6.3269e-06
47 -0.0145475 0.136452 2.987e-06
48 0.219092 0.848055 0.000377564
49 -0.213823 -1.73055 -0.00108236
50 -0.0848969 0.61918 -0.000207808
51 -0.0304463 0.0278782 -0.000155997
52 0.0992964 0.245587 8.99835e-05
53 0.0759725 0.562634 0.000188928
54 -0.251136 -1.54886 -0.000367993
55 0.167605 0.911573 -5.96161e-05
56 -0.0729182 0.0729566 -0.000167097
57 0.00572802 0.368944 -6.85835e-05
58 0.0210649 0.0216532 2.90679e-05
59 -0.0623687 -0.0591087 -0.000100362
60 0.0434781 -0.160295 8.09193e-06
61 0.00770114 0.00585014 4.73172e-05
62 -0.200439 -1.02434 -0.000381914
63 0.0587168 0.536271 -0.000178184
64 0.0572328 -0.946703 0.000206714
65 0.00912759 0.215 -7.34225e-06
66 -0.0157252 -0.176647 7.42955e-05
67 -0.00280387 1.06228 -0.000349969
68 0.0340021 0.00635104 8.05106e-06
69 0.214223 -0.171545 0.000538561
70 0.0370396 -0.262558 2.62093e-05
71 -0.057436 0.51738 7.36544e-05
72 0.00923323 -0.0629228 6.51831e-05
73 0.0556726 0.0268861 -0.000184681
74 -0.126689 -0.792675 -0.000379835
75 -0.266832 -0.116259 -0.000609333
76 -0.128685 -0.0960486 -0.000175545
77 -0.00676829 0.195034 -8.27883e-06
78 -0.0989409 -0.0741824 -6.85208e-05
79 -0.032551 0.410727 -0.000308466
80 0.0211254 -0.00925981 -1.08605e-05
81 -0.0474803 -0.968378 -0.000102634
82 0.063895 -0.773012 0.000326625
83 0.00667115 1.25833 4.43243e-05
84 0.0622129 -0.0912423 7.78407e-05
85 -0.0629756 -0.409578 0.000115601
86 -0.40657 -1.31494 0.000594624
87 -0.0537743 1.22613 -0.000146053
88 0.0713988 0.349422 7.90833e-05
89 -0.136143 -0.846634 -7.28124e-05
90 -0.078026 -0.128694 -3.0806e-05
91 0.0405776 0.80857 -0.000149465
92 -1.45001 0.403993 -0.00379656
93 -0.0492041 -0.415732 -0.000281681
94 -0.0837002 0.046057 -0.000184407
95 -0.0498838 0.161707 -7.62931e-05
96 0.0441175 0.392064 -0.000136945
97 0.0253046 -0.449507 0.000162433
98 -0.0401875 -0.665512 -0.000233582
99 0.0509241 0.572742 0.000158666
100 -0.0315056 0.0448272 0.000115503
101 -0.0535627 -0.13683 -9.69784e-05
102 0.0827245 -0.218822 0.000215816
103 -0.0596191 0.492282 -0.000125809
104 -0.0622304 -0.192579 9.19128e-06
105 -0.190582 0.126458 -0.000119526
106 0.0543903 0.0413343 0.00014547
107 -0.0600049 0.201254 3.66345e-05
108 -0.368102 -1.30843 -0.000277789
109 -0.0100812 -0.0610331 8.8797e-05
110 0.0439686 0.900905 5.6097e-05
111 0.0131673 0.470635 -0.000147195
112 -0.0178895 -0.301841 9.26028e-05
113 -0.204627 -0.679406 -0.000144839
114 -0.0411671 -0.72566 0.000151305
115 0.0907489 -0.0029083 0.000199049
116 0.0869935 -0.0767405 4.48257e-05
117 -0.0217133 0.164009 2.08511e-05
118 -0.439963 0.131095 -0.000484878
119 0.00544898 0.213294 1.72387e-05
120 -0.255109 -0.299529 -0.000235399
121 0.0994068 -0.00455343 0.000116584
122 -0.00518096 -0.0624889 -3.20123e-05
123 -0.167937 0.406241 -0.000161796
124 -0.300657 0.162264 -0.000279557
125 -0.0362725 -0.151183 9.48276e-06
126 -0.4945 0.0705576 -0.000542472
127 -0.00656534 -0.0227702 -4.01925e-05
128 0.0204105 0.128567 0.000175581
129 -0.543334 0.202594 -0.000623224
130 -0.765219 0.17086 -0.000566701
131 -0.670781 0.428794 -0.00027825
132 -0.525741 -0.178823 -0.000141451
133 -0.221592 0.231605 -0.000172679
134 -0.717055 -0.709614 -0.000357677
135 -0.105256 0.507975 -0.000125081
136 -0.0345395 0.00561807 -1.7555e-05
137 0.134131 0.0292682 5.15496e-05
138 -0.00152857 -0.0199138 -6.27307e-05
139 -0.268975 -0.637027 -0.000105308
140 -0.232781 -0.0620742 -0.000192051
141 -0.0894609 -0.454672 0.000209765
142 -0.0669491 0.218728 -7.81776e-05
143 0.213137 1.21459 2.77228e-05
144 -0.179939 -0.355609 -0.00015641
145 -0.154747 -0.342874 5.89165e-06
146 -0.456402 -0.0742127 -0.000651283
147 -0.197681 0.277837 -0.000170113
148 -0.0351723 0.0602332 6.72055e-05
149 -0.269999 0.0455346 -0.000116631
